
000036
000039
000055*
000156
000413
000598
000685
000783
001872*
002118
002157
002236 多空决战
002375  看看一日游
002631
002901 *
002978  看看 这么高的怎么玩
003816  可以看看
300020  看看2号的情况
300197
300310
300628 *
300655
300685
300891
300905
300921
300921
301032
301038
301088
301091
301139
301152
301166
301187
301209
301221
301285
301318
301331
301363
301396
600020
600037
600169
600231
600252
600271
600292
600368
600373
600489
600528
600611
600637
600639
600676
600688
600728
600737
600808
600848
600917
600938
601002
601018
601107
601311
601333
601611
601727
601825
601992
601997
603181
603222
603429
605305
688009
688055
688062
688088
688117
688148
688253
688321
688509
688655
688686



